1	MULTIPOLYGON(((15.0 73.0, 23.0 73.0, 23.0 71.5, 15.0 71.5, 15.0 73.0)))
2	MULTIPOLYGON(((23.0 71.5, 23.0 72.5, 29.0 72.5, 29.0 73.0, 30.0 73.0, 30.0 72.0, 26.0 72.0, 26.0 71.5, 23.0 71.5, 23.0 71.5)))
3	MULTIPOLYGON(((23.0 72.5, 23.0 73.5, 27.0 73.5, 27.0 74.0, 30.0 74.0, 30.0 73.0, 29.0 73.0, 29.0 72.5, 23.0 72.5, 23.0 72.5)))
4	MULTIPOLYGON(((17.0 70.0, 17.0 70.5, 20.0 70.5, 20.0 71.0, 22.0 71.0, 22.0 71.5, 26.0 71.5, 26.0 71.2, 25.5 71.2, 25.5 71.12, 24.0 71.12, 22.25 70.75, 21.5 70.4, 19.0 70.25, 18.25 70.0, 17.0 70.0, 17.0 70.0)))
5	MULTIPOLYGON(((17.0 70.5, 17.0 71.5, 22.0 71.5, 22.0 71.0, 20.0 71.0, 20.0 70.5, 17.0 70.5, 17.0 70.5)))
6	MULTIPOLYGON(((26.0 71.12, 26.0 72.0, 30.0 72.0, 30.0 71.0, 31.0 71.0, 31.0 70.53, 30.0 70.75, 28.25 71.0, 28.25 71.12, 27.25 71.12, 27.25 71.0, 26.25 71.0, 26.0 71.12, 26.0 71.12)))
7	MULTIPOLYGON(((29.75 69.88, 29.75 70.0, 30.25 70.0, 31.0 70.25, 31.0 71.0, 33.0 71.0, 33.0 70.5, 35.0 70.5, 35.0 70.0, 38.0 70.0, 38.0 69.5, 40.0 69.5, 40.0 68.25, 39.5 68.25, 37.5 69.0, 37.0 69.25, 36.5 69.25, 34.25 69.62, 33.5 69.62, 33.5 69.88, 32.25 70.12, 31.25 70.0, 31.25 69.88, 29.75 69.88, 29.75 69.88)))
8	MULTIPOLYGON(((38.0 69.5, 38.0 70.0, 35.0 70.0, 35.0 70.5, 33.0 70.5, 33.0 71.0, 34.0 71.0, 34.0 71.5, 38.0 71.5, 38.0 71.0, 40.0 71.0, 40.0 69.5, 38.0 69.5, 38.0 69.5)))
9	MULTIPOLYGON(((40.0 71.0, 40.0 71.5, 42.0 71.5, 42.0 72.0, 46.0 72.0, 46.0 71.0, 40.0 71.0, 40.0 71.0)))
10	MULTIPOLYGON(((38.0 71.0, 38.0 71.5, 36.0 71.5, 36.0 72.0, 41.0 72.0, 41.0 72.5, 47.0 72.5, 47.0 72.0, 42.0 72.0, 42.0 71.5, 40.0 71.5, 40.0 71.0, 38.0 71.0, 38.0 71.0)))
11	MULTIPOLYGON(((34.0 71.5, 34.0 73.0, 30.0 73.0, 30.0 74.0, 36.0 74.0, 36.0 71.5, 34.0 71.5, 34.0 71.5)))
12	MULTIPOLYGON(((30.0 71.0, 30.0 73.0, 34.0 73.0, 34.0 71.0, 30.0 71.0, 30.0 71.0)))
13	MULTIPOLYGON(((40.0 68.25, 40.0 70.0, 45.0 70.0, 45.0 70.5, 47.0 70.5, 47.0 70.0, 48.0 70.0, 48.0 69.0, 43.0 69.0, 43.0 68.25, 40.0 68.25, 40.0 68.25)))
14	MULTIPOLYGON(((40.0 70.0, 40.0 71.0, 48.0 71.0, 48.0 71.5, 49.0 71.5, 49.0 72.0, 51.0 72.0, 51.0 70.0, 47.0 70.0, 47.0 70.5, 45.0 70.5, 45.0 70.0, 40.0 70.0, 40.0 70.0)))
15	MULTIPOLYGON(((46.0 71.0, 46.0 72.0, 47.0 72.0, 47.0 72.5, 48.0 72.5, 48.0 73.0, 50.0 73.0, 50.0 73.5, 49.0 73.5, 49.0 74.0, 53.0 74.0, 53.0 73.0, 52.0 73.0, 52.0 72.5, 51.0 72.5, 51.0 72.0, 49.0 72.0, 49.0 71.5, 48.0 71.5, 48.0 71.0, 46.0 71.0, 46.0 71.0)))
16	MULTIPOLYGON(((41.0 72.5, 41.0 73.0, 42.0 73.0, 42.0 73.5, 43.0 73.5, 43.0 74.0, 49.0 74.0, 49.0 73.5, 50.0 73.5, 50.0 73.0, 48.0 73.0, 48.0 72.5, 41.0 72.5, 41.0 72.5)))
17	MULTIPOLYGON(((36.0 72.0, 36.0 74.0, 43.0 74.0, 43.0 73.5, 42.0 73.5, 42.0 73.0, 41.0 73.0, 41.0 72.0, 36.0 72.0, 36.0 72.0)))
18	MULTIPOLYGON(((30.0 74.0, 30.0 76.5, 38.0 76.5, 38.0 76.0, 36.0 76.0, 36.0 75.5, 34.0 75.5, 34.0 75.0, 36.0 75.0, 36.0 74.0, 30.0 74.0, 30.0 74.0)))
19	MULTIPOLYGON(((36.0 74.0, 36.0 75.0, 34.0 75.0, 34.0 75.5, 36.0 75.5, 36.0 76.0, 38.0 76.0, 38.0 76.5, 40.0 76.5, 40.0 75.0, 44.0 75.0, 44.0 74.0, 36.0 74.0, 36.0 74.0)))
20	MULTIPOLYGON(((44.0 74.0, 44.0 75.0, 54.0 75.0, 54.0 74.0, 44.0 74.0, 44.0 74.0)))
21	MULTIPOLYGON(((15.0 73.0, 15.0 74.5, 16.0 74.5, 16.0 74.0, 17.0 74.0, 17.0 73.5, 21.0 73.5, 21.0 74.0, 26.0 74.0, 26.0 74.5, 28.0 74.5, 28.0 74.0, 27.0 74.0, 27.0 73.5, 23.0 73.5, 23.0 73.0, 15.0 73.0, 15.0 73.0)))
22	MULTIPOLYGON(((28.0 74.0, 28.0 74.5, 23.0 74.5, 23.0 75.0, 24.0 75.0, 24.0 75.5, 25.0 75.5, 25.0 76.0, 26.0 76.0, 26.0 76.5, 30.0 76.5, 30.0 74.0, 28.0 74.0, 28.0 74.0)))
23	MULTIPOLYGON(((17.0 73.5, 17.0 74.0, 16.0 74.0, 16.0 74.5, 19.0 74.5, 26.0 74.5, 26.0 74.0, 21.0 74.0, 21.0 73.5, 17.0 73.5, 17.0 73.5)))
24	MULTIPOLYGON(((15.0 74.5, 15.0 75.0, 14.0 75.5, 14.0 76.5, 13.3 76.69, 12.38 77.0, 11.51 77.12, 11.0 77.5, 9.55 77.94, 8.43 78.82, 8.44 79.09, 8.0 79.35, 8.0 80.0, 10.5 80.0, 10.5 79.5, 10.8 79.32, 11.08 79.15, 11.17 79.07, 11.61 79.05, 11.92 79.0, 11.98 78.96, 11.77 78.96, 11.42 78.99, 11.24 78.97, 11.5 78.89, 11.73 78.83, 11.38 78.76, 11.15 78.8, 10.96 78.9, 10.44 78.91, 10.43 78.79, 10.68 78.64, 11.06 78.39, 11.38 78.34, 11.8 78.19, 12.11 78.16, 12.27 78.19, 11.95 78.44, 11.9 78.51, 12.22 78.51, 12.95 78.18, 13.38 78.04, 13.09 77.98, 13.74 77.7, 14.4 77.73, 14.83 77.57, 14.62 77.55, 14.39 77.59, 13.93 77.58, 13.75 77.49, 13.8 77.38, 14.18 77.17, 14.52 77.06, 15.22 76.99, 15.8 76.99, 15.82 76.99, 15.2 76.89, 15.47 76.71, 16.07 76.49, 16.62 76.4, 17.5 76.5, 19.0 76.5, 19.0 74.5, 15.0 74.5)))
25	MULTIPOLYGON(((19.0 74.5, 19.0 76.5, 17.31 76.5, 17.6 76.97, 17.81 77.36, 17.98 77.43, 18.41 77.45, 18.5 77.5, 18.66 78.0, 20.67 78.0, 20.52 77.5, 21.0 77.0, 22.5 77.0, 24.0 77.5, 26.0 77.5, 26.0 76.0, 25.0 76.0, 25.0 75.5, 24.0 75.5, 24.0 75.0, 23.0 75.0, 23.0 74.5, 19.0 74.5)))
26	MULTIPOLYGON(((26.0 76.5, 26.0 77.5, 24.0 77.5, 24.67 77.83, 24.0 78.0, 24.0 78.5, 39.0 78.5, 39.0 78.0, 41.0 78.0, 41.0 77.5, 42.0 77.5, 42.0 77.0, 43.0 77.0, 43.0 76.5, 40.0 76.5, 38.0 76.5, 30.0 76.5, 26.0 76.5)))
